536870911 536870911 536870911 536870911 2047 -1
43 -1
3
194829330 535738576 151770095 471880675 1468 -1
172780467 486229712 368798350 140395326 1436 -1
145871120 432783217 267688078 150759003 1828 -1
1 373440608 -1
5 398066181 -1
0 395295157 -1
0 225943232 -1
2 286849719 -1
7 118321271 -1
0 343266240 -1
2 486529938 -1
2 18609144 -1
164761373 278517911 263104120 419312046 1112 -1
528199550 177893398 420742601 472212634 1032 -1
330956983 332169416 295371974 327191385 39 -1
135512243 334533140 32778048 465915519 1460 -1
